           1         112  0.0000000E+00  0.5200000      0.4800000    
 ************************************************************************
           2         114  0.4000000      0.5200000      7.9999998E-02
 ************************************************************************
           3         115  0.3200000      0.2000000      0.4800000    
 ************************************************************************
           4         116  0.2000000      0.5200000      0.2800000    
 ************************************************************************
           5         117  0.1200000      0.4000000      0.4800000    
 ************************************************************************
           6         118  0.0000000E+00  0.5200000      0.4800000    
 ************************************************************************
           7         120  0.4000000      0.5200000      7.9999998E-02
 ************************************************************************
           8         121  0.3200000      0.2000000      0.4800000    
 ************************************************************************
           9         122  0.2000000      0.5200000      0.2800000    
 ************************************************************************
          10         123  0.1200000      0.4000000      0.4800000    
 ************************************************************************
          11         124  0.0000000E+00  0.5200000      0.4800000    
 ************************************************************************
          12         126  0.4000000      0.5200000      7.9999998E-02
 ************************************************************************
          13         127  0.3200000      0.2000000      0.4800000    
 ************************************************************************
          14         128  0.2000000      0.5200000      0.2800000    
 ************************************************************************
          15         129  0.1200000      0.4000000      0.4800000    
 ************************************************************************
          16         130  0.0000000E+00  0.5200000      0.4800000    
 ************************************************************************
          17         132  0.4000000      0.5200000      7.9999998E-02
 ************************************************************************
          18         133  0.3200000      0.2000000      0.4800000    
 ************************************************************************
          19         134  0.2000000      0.5200000      0.2800000    
 ************************************************************************
          20         135  0.1200000      0.4000000      0.4800000    
 ************************************************************************
          21         136  0.0000000E+00  0.5200000      0.4800000    
 ************************************************************************
          22         138  0.4000000      0.5200000      7.9999998E-02
 ************************************************************************
          23         139  0.3200000      0.2000000      0.4800000    
 ************************************************************************
          24         140  0.2000000      0.5200000      0.2800000    
 ************************************************************************
          25         141  0.1200000      0.4000000      0.4800000    
 ************************************************************************
          26         142  0.0000000E+00  0.5200000      0.4800000    
 ************************************************************************
          27         144  0.4000000      0.5200000      7.9999998E-02
 ************************************************************************
          28         145  0.3200000      0.2000000      0.4800000    
 ************************************************************************
          29         146  0.2000000      0.5200000      0.2800000    
 ************************************************************************
          30         147  0.1200000      0.4000000      0.4800000    
 ************************************************************************
          31         148  0.0000000E+00  0.5200000      0.4800000    
 ************************************************************************
          32         150  0.4000000      0.5200000      7.9999998E-02
 ************************************************************************
          33         151  0.3200000      0.2000000      0.4800000    
 ************************************************************************
          34         152  0.2000000      0.5200000      0.2800000    
 ************************************************************************
          35         153  0.1200000      0.4000000      0.4800000    
 ************************************************************************
          36         154  0.0000000E+00  0.5200000      0.4800000    
 ************************************************************************
          37         156  0.4000000      0.5200000      7.9999998E-02
 ************************************************************************
          38         157  0.3200000      0.2000000      0.4800000    
 ************************************************************************
          39         158  0.2000000      0.5200000      0.2800000    
 ************************************************************************
          40         159  0.1200000      0.4000000      0.4800000    
 ************************************************************************
          41         160  0.0000000E+00  0.5200000      0.4800000    
 ************************************************************************
          42         162  0.4000000      0.5200000      7.9999998E-02
 ************************************************************************
          43         163  0.3200000      0.2000000      0.4800000    
 ************************************************************************
          44         164  0.2000000      0.5200000      0.2800000    
 ************************************************************************
          45         165  0.1200000      0.4000000      0.4800000    
 ************************************************************************
          46         166  0.0000000E+00  0.5200000      0.4800000    
 ************************************************************************
          47         168  0.4000000      0.5200000      7.9999998E-02
 ************************************************************************
          48         169  0.3200000      0.2000000      0.4800000    
 ************************************************************************
          49         170  0.2000000      0.5200000      0.2800000    
 ************************************************************************
          50         171  0.1200000      0.4000000      0.4800000    
 ************************************************************************
          51         172  0.0000000E+00  0.5200000      0.4800000    
 ************************************************************************
          52         174  0.4000000      0.5200000      7.9999998E-02
 ************************************************************************
          53         175  0.3200000      0.2000000      0.4800000    
 ************************************************************************
          54         176  0.2000000      0.5200000      0.2800000    
 ************************************************************************
          55         177  0.1200000      0.4000000      0.4800000    
 ************************************************************************
          56         178  0.0000000E+00  0.5200000      0.4800000    
 ************************************************************************
          57         180  0.4000000      0.5200000      7.9999998E-02
 ************************************************************************
          58         181  0.3200000      0.2000000      0.4800000    
 ************************************************************************
          59         182  0.2000000      0.5200000      0.2800000    
 ************************************************************************
          60         183  0.1200000      0.4000000      0.4800000    
 ************************************************************************
          61         184  0.0000000E+00  0.5200000      0.4800000    
 ************************************************************************
          62         186  0.4000000      0.5200000      7.9999998E-02
 ************************************************************************
          63         187  0.3200000      0.2000000      0.4800000    
 ************************************************************************
          64         188  0.2000000      0.5200000      0.2800000    
 ************************************************************************
          65         189  0.1200000      0.4000000      0.4800000    
 ************************************************************************
          66         190  0.0000000E+00  0.5200000      0.4800000    
 ************************************************************************
          67         192  0.4000000      0.5200000      7.9999998E-02
 ************************************************************************
          68         193  0.3200000      0.2000000      0.4800000    
 ************************************************************************
          69         194  0.2000000      0.5200000      0.2800000    
 ************************************************************************
          70         195  0.1200000      0.4000000      0.4800000    
 ************************************************************************
          71         196  0.0000000E+00  0.5200000      0.4800000    
 ************************************************************************
          72         198  0.4000000      0.5200000      7.9999998E-02
 ************************************************************************
          73         199  0.3200000      0.2000000      0.4800000    
 ************************************************************************
          74         200  0.2000000      0.5200000      0.2800000    
 ************************************************************************
          75         201  0.1200000      0.4000000      0.4800000    
 ************************************************************************
          76         202  0.0000000E+00  0.5200000      0.4800000    
 ************************************************************************
          77         204  0.4000000      0.5200000      7.9999998E-02
 ************************************************************************
          78         205  0.3200000      0.2000000      0.4800000    
 ************************************************************************
          79         206  0.2000000      0.5200000      0.2800000    
 ************************************************************************
          80         207  0.1200000      0.4000000      0.4800000    
 ************************************************************************
          81         208  4.0000030E-09  0.5200000      0.4800000    
 ************************************************************************
          82        1048  0.0000000E+00  0.0000000E+00   1.000000    
 ************************************************************************
          83        1050  0.4000000      0.0000000E+00  0.6000000    
 ************************************************************************
          84        1052  0.8000000      0.0000000E+00  0.2000000    
 ************************************************************************
          85        1052  0.2000000      0.0000000E+00  0.8000000    
 ************************************************************************
          86        1054  0.6000000      0.0000000E+00  0.4000000    
 ************************************************************************
          87        1054  0.0000000E+00  0.0000000E+00   1.000000    
 ************************************************************************
          88        1056  0.4000000      0.0000000E+00  0.6000000    
 ************************************************************************
          89        1058  0.8000000      0.0000000E+00  0.2000000    
 ************************************************************************
          90        1058  0.2000000      0.0000000E+00  0.8000000    
 ************************************************************************
          91        1060  0.6000000      0.0000000E+00  0.4000000    
 ************************************************************************
          92        1060  0.0000000E+00  0.0000000E+00   1.000000    
 ************************************************************************
          93        1062  0.4000000      0.0000000E+00  0.6000000    
 ************************************************************************
          94        1064  0.8000000      0.0000000E+00  0.2000000    
 ************************************************************************
          95        1064  0.2000000      0.0000000E+00  0.8000000    
 ************************************************************************
          96        1066  0.6000000      0.0000000E+00  0.4000000    
 ************************************************************************
          97        1066  0.0000000E+00  0.0000000E+00   1.000000    
 ************************************************************************
          98        1068  0.4000000      0.0000000E+00  0.6000000    
 ************************************************************************
          99        1070  0.8000000      0.0000000E+00  0.2000000    
 ************************************************************************
         100        1070  0.2000000      0.0000000E+00  0.8000000    
 ************************************************************************
         101        1072  0.6000000      0.0000000E+00  0.4000000    
 ************************************************************************
         102        1072  0.0000000E+00  0.0000000E+00   1.000000    
 ************************************************************************
         103        1074  0.4000000      0.0000000E+00  0.6000000    
 ************************************************************************
         104        1076  0.8000000      0.0000000E+00  0.2000000    
 ************************************************************************
         105        1076  0.2000000      0.0000000E+00  0.8000000    
 ************************************************************************
         106        1078  0.6000000      0.0000000E+00  0.4000000    
 ************************************************************************
         107        1078  0.0000000E+00  0.0000000E+00   1.000000    
 ************************************************************************
         108        1080  0.4000000      0.0000000E+00  0.6000000    
 ************************************************************************
         109        1082  0.8000000      0.0000000E+00  0.2000000    
 ************************************************************************
         110        1082  0.2000000      0.0000000E+00  0.8000000    
 ************************************************************************
         111        1084  0.6000000      0.0000000E+00  0.4000000    
 ************************************************************************
         112        1084  0.0000000E+00  0.0000000E+00   1.000000    
 ************************************************************************
         113        1086  0.4000000      0.0000000E+00  0.6000000    
 ************************************************************************
         114        1088  0.8000000      0.0000000E+00  0.2000000    
 ************************************************************************
         115        1088  0.2000000      0.0000000E+00  0.8000000    
 ************************************************************************
         116        1090  0.6000000      0.0000000E+00  0.4000000    
 ************************************************************************
         117        1090  0.0000000E+00  0.0000000E+00   1.000000    
 ************************************************************************
         118        1092  0.4000000      0.0000000E+00  0.6000000    
 ************************************************************************
         119        1094  0.8000000      0.0000000E+00  0.2000000    
 ************************************************************************
         120        1094  0.2000000      0.0000000E+00  0.8000000    
 ************************************************************************
         121        1096  0.6000000      0.0000000E+00  0.4000000    
 ************************************************************************
         122        1096  0.0000000E+00  0.0000000E+00   1.000000    
 ************************************************************************
         123        1098  0.4000000      0.0000000E+00  0.6000000    
 ************************************************************************
         124        1100  0.8000000      0.0000000E+00  0.2000000    
 ************************************************************************
         125        1100  0.2000000      0.0000000E+00  0.8000000    
 ************************************************************************
         126        1102  0.6000000      0.0000000E+00  0.4000000    
 ************************************************************************
         127        1102  0.0000000E+00  0.0000000E+00   1.000000    
 ************************************************************************
         128        1104  0.4000000      0.0000000E+00  0.6000000    
 ************************************************************************
         129        1106  0.8000000      0.0000000E+00  0.2000000    
 ************************************************************************
         130        1106  0.2000000      0.0000000E+00  0.8000000    
 ************************************************************************
         131        1108  0.6000000      0.0000000E+00  0.4000000    
 ************************************************************************
         132        1108  0.0000000E+00  0.0000000E+00   1.000000    
 ************************************************************************
         133        1110  0.4000000      0.0000000E+00  0.6000000    
 ************************************************************************
         134        1112  0.8000000      0.0000000E+00  0.2000000    
 ************************************************************************
         135        1112  0.2000000      0.0000000E+00  0.8000000    
 ************************************************************************
         136        1114  0.6000000      0.0000000E+00  0.4000000    
 ************************************************************************
         137        1114  0.0000000E+00  0.0000000E+00   1.000000    
 ************************************************************************
         138        1116  0.4000000      0.0000000E+00  0.6000000    
 ************************************************************************
         139        1118  0.8000000      0.0000000E+00  0.2000000    
 ************************************************************************
         140        1118  0.2000000      0.0000000E+00  0.8000000    
 ************************************************************************
         141        1120  0.6000000      0.0000000E+00  0.4000000    
 ************************************************************************
         142        1120  0.0000000E+00  0.0000000E+00   1.000000    
 ************************************************************************
         143        1122  0.4000000      0.0000000E+00  0.6000000    
 ************************************************************************
         144        1124  0.8000000      0.0000000E+00  0.2000000    
 ************************************************************************
         145        1124  0.2000000      0.0000000E+00  0.8000000    
 ************************************************************************
         146        1126  0.6000000      0.0000000E+00  0.4000000    
 ************************************************************************
         147        1126  0.0000000E+00  0.0000000E+00   1.000000    
 ************************************************************************
         148        1128  0.4000000      0.0000000E+00  0.6000000    
 ************************************************************************
         149        1130  0.8000000      0.0000000E+00  0.2000000    
 ************************************************************************
         150        1130  0.2000000      0.0000000E+00  0.8000000    
 ************************************************************************
         151        1132  0.6000000      0.0000000E+00  0.4000000    
 ************************************************************************
         152        1132  0.0000000E+00  0.0000000E+00   1.000000    
 ************************************************************************
         153        1134  0.4000000      0.0000000E+00  0.6000000    
 ************************************************************************
         154        1136  0.8000000      0.0000000E+00  0.2000000    
 ************************************************************************
         155        1136  0.2000000      0.0000000E+00  0.8000000    
 ************************************************************************
         156        1138  0.6000000      0.0000000E+00  0.4000000    
 ************************************************************************
         157        1138  0.0000000E+00  0.0000000E+00   1.000000    
 ************************************************************************
         158        1140  0.4000000      0.0000000E+00  0.6000000    
 ************************************************************************
         159        1142  0.8000000      0.0000000E+00  0.2000000    
 ************************************************************************
         160        1142  0.2000000      0.0000000E+00  0.8000000    
 ************************************************************************
         161        1144  0.6000000      0.0000000E+00  0.4000000    
 ************************************************************************
         162        1144  4.0000030E-09  0.0000000E+00   1.000000    
 ************************************************************************
         163         216  0.0000000E+00  0.9250000      7.5000003E-02
 ************************************************************************
         164         216  0.0000000E+00  0.3300000      0.6700000    
 ************************************************************************
         165         320  0.0000000E+00  0.7350000      0.2650000    
 ************************************************************************
         166         320  0.0000000E+00  0.1400000      0.8600000    
 ************************************************************************
         167         424  0.0000000E+00  0.5450000      0.4550000    
 ************************************************************************
         168         528  0.0000000E+00  0.9500000      5.0000001E-02
 ************************************************************************
         169         528  0.0000000E+00  0.3550000      0.6450000    
 ************************************************************************
         170         632  0.0000000E+00  0.7600000      0.2400000    
 ************************************************************************
         171         632  0.0000000E+00  0.1650000      0.8350000    
 ************************************************************************
         172         736  0.0000000E+00  0.5700000      0.4300000    
 ************************************************************************
         173         840  0.0000000E+00  0.9750000      2.5000000E-02
 ************************************************************************
         174         840  0.0000000E+00  0.3800000      0.6200000    
 ************************************************************************
         175         944  0.0000000E+00  0.7850000      0.2150000    
 ************************************************************************
         176         944  0.0000000E+00  0.1900000      0.8100000    
 ************************************************************************
         177        1048  0.0000000E+00  0.5950000      0.4050000    
 ************************************************************************
         178         225  0.1250000      0.8000000      7.5000003E-02
 ************************************************************************
         179         226  0.2000000      0.3300000      0.4700000    
 ************************************************************************
         180         330  0.2000000      0.7350000      6.4999998E-02
 ************************************************************************
         181         330  0.2000000      0.1400000      0.6600000    
 ************************************************************************
         182         434  0.2000000      0.5450000      0.2550000    
 ************************************************************************
         183         537  0.1500000      0.8000000      5.0000001E-02
 ************************************************************************
         184         538  0.2000000      0.3550000      0.4450000    
 ************************************************************************
         185         642  0.2000000      0.7600000      3.9999999E-02
 ************************************************************************
         186         642  0.2000000      0.1650000      0.6350000    
 ************************************************************************
         187         746  0.2000000      0.5700000      0.2300000    
 ************************************************************************
         188         849  0.1750000      0.8000000      2.5000000E-02
 ************************************************************************
         189         850  0.2000000      0.3800000      0.4200000    
 ************************************************************************
         190         954  0.2000000      0.7850000      1.5000000E-02
 ************************************************************************
         191         954  0.2000000      0.1900000      0.6100000    
 ************************************************************************
         192        1058  0.2000000      0.5950000      0.2050000    
 ************************************************************************
         193         235  0.3250000      0.6000000      7.5000003E-02
 ************************************************************************
         194         236  0.4000000      0.3300000      0.2700000    
 ************************************************************************
         195         339  0.1350000      0.6000000      0.2650000    
 ************************************************************************
         196         340  0.4000000      0.1400000      0.4600000    
 ************************************************************************
         197         444  0.4000000      0.5450000      5.5000000E-02
 ************************************************************************
         198         547  0.3500000      0.6000000      5.0000001E-02
 ************************************************************************
         199         548  0.4000000      0.3550000      0.2450000    
 ************************************************************************
         200         651  0.1600000      0.6000000      0.2400000    
 ************************************************************************
         201         652  0.4000000      0.1650000      0.4350000    
 ************************************************************************
         202         756  0.4000000      0.5700000      2.9999999E-02
 ************************************************************************
         203         859  0.3750000      0.6000000      2.5000000E-02
 ************************************************************************
         204         860  0.4000000      0.3800000      0.2200000    
 ************************************************************************
         205         963  0.1850000      0.6000000      0.2150000    
 ************************************************************************
         206         964  0.4000000      0.1900000      0.4100000    
 ************************************************************************
         207        1068  0.4000000      0.5950000      4.9999999E-03
 ************************************************************************
         208         245  0.5250000      0.4000000      7.5000003E-02
 ************************************************************************
         209         246  0.6000000      0.3300000      7.0000000E-02
 ************************************************************************
         210         349  0.3350000      0.4000000      0.2650000    
 ************************************************************************
         211         350  0.6000000      0.1400000      0.2600000    
 ************************************************************************
         212         453  0.1450000      0.4000000      0.4550000    
 ************************************************************************
         213         557  0.5500000      0.4000000      5.0000001E-02
 ************************************************************************
         214         558  0.6000000      0.3550000      4.5000002E-02
 ************************************************************************
         215         661  0.3600000      0.4000000      0.2400000    
 ************************************************************************
         216         662  0.6000000      0.1650000      0.2350000    
 ************************************************************************
         217         765  0.1700000      0.4000000      0.4300000    
 ************************************************************************
         218         869  0.5750000      0.4000000      2.5000000E-02
 ************************************************************************
         219         870  0.6000000      0.3800000      2.0000000E-02
 ************************************************************************
         220         973  0.3850000      0.4000000      0.2150000    
 ************************************************************************
         221         974  0.6000000      0.1900000      0.2100000    
 ************************************************************************
         222        1077  0.1950000      0.4000000      0.4050000    
 ************************************************************************
         223         255  0.7250000      0.2000000      7.5000003E-02
 ************************************************************************
         224         255  0.1300000      0.2000000      0.6700000    
 ************************************************************************
         225         359  0.5350000      0.2000000      0.2650000    
 ************************************************************************
         226         360  0.8000000      0.1400000      5.9999999E-02
 ************************************************************************
         227         463  0.3450000      0.2000000      0.4550000    
 ************************************************************************
         228         567  0.7500000      0.2000000      5.0000001E-02
 ************************************************************************
         229         567  0.1550000      0.2000000      0.6450000    
 ************************************************************************
         230         671  0.5600000      0.2000000      0.2400000    
 ************************************************************************
         231         672  0.8000000      0.1650000      3.5000000E-02
 ************************************************************************
         232         775  0.3700000      0.2000000      0.4300000    
 ************************************************************************
         233         879  0.7750000      0.2000000      2.5000000E-02
 ************************************************************************
         234         879  0.1800000      0.2000000      0.6200000    
 ************************************************************************
         235         983  0.5850000      0.2000000      0.2150000    
 ************************************************************************
         236         984  0.8000000      0.1900000      9.9999998E-03
 ************************************************************************
         237        1087  0.3950000      0.2000000      0.4050000    
 ************************************************************************
         238         264  0.0000000E+00  0.9250000      7.5000003E-02
 ************************************************************************
         239         264  0.0000000E+00  0.3300000      0.6700000    
 ************************************************************************
         240         368  0.0000000E+00  0.7350000      0.2650000    
 ************************************************************************
         241         368  0.0000000E+00  0.1400000      0.8600000    
 ************************************************************************
         242         472  0.0000000E+00  0.5450000      0.4550000    
 ************************************************************************
         243         576  0.0000000E+00  0.9500000      5.0000001E-02
 ************************************************************************
         244         576  0.0000000E+00  0.3550000      0.6450000    
 ************************************************************************
         245         680  0.0000000E+00  0.7600000      0.2400000    
 ************************************************************************
         246         680  0.0000000E+00  0.1650000      0.8350000    
 ************************************************************************
         247         784  0.0000000E+00  0.5700000      0.4300000    
 ************************************************************************
         248         888  0.0000000E+00  0.9750000      2.5000000E-02
 ************************************************************************
         249         888  0.0000000E+00  0.3800000      0.6200000    
 ************************************************************************
         250         992  0.0000000E+00  0.7850000      0.2150000    
 ************************************************************************
         251         992  0.0000000E+00  0.1900000      0.8100000    
 ************************************************************************
         252        1096  0.0000000E+00  0.5950000      0.4050000    
 ************************************************************************
         253         273  0.1250000      0.8000000      7.5000003E-02
 ************************************************************************
         254         274  0.2000000      0.3300000      0.4700000    
 ************************************************************************
         255         378  0.2000000      0.7350000      6.4999998E-02
 ************************************************************************
         256         378  0.2000000      0.1400000      0.6600000    
 ************************************************************************
         257         482  0.2000000      0.5450000      0.2550000    
 ************************************************************************
         258         585  0.1500000      0.8000000      5.0000001E-02
 ************************************************************************
         259         586  0.2000000      0.3550000      0.4450000    
 ************************************************************************
         260         690  0.2000000      0.7600000      3.9999999E-02
 ************************************************************************
         261         690  0.2000000      0.1650000      0.6350000    
 ************************************************************************
         262         794  0.2000000      0.5700000      0.2300000    
 ************************************************************************
         263         897  0.1750000      0.8000000      2.5000000E-02
 ************************************************************************
         264         898  0.2000000      0.3800000      0.4200000    
 ************************************************************************
         265        1002  0.2000000      0.7850000      1.5000000E-02
 ************************************************************************
         266        1002  0.2000000      0.1900000      0.6100000    
 ************************************************************************
         267        1106  0.2000000      0.5950000      0.2050000    
 ************************************************************************
         268         283  0.3250000      0.6000000      7.5000003E-02
 ************************************************************************
         269         284  0.4000000      0.3300000      0.2700000    
 ************************************************************************
         270         387  0.1350000      0.6000000      0.2650000    
 ************************************************************************
         271         388  0.4000000      0.1400000      0.4600000    
 ************************************************************************
         272         492  0.4000000      0.5450000      5.5000000E-02
 ************************************************************************
         273         595  0.3500000      0.6000000      5.0000001E-02
 ************************************************************************
         274         596  0.4000000      0.3550000      0.2450000    
 ************************************************************************
         275         699  0.1600000      0.6000000      0.2400000    
 ************************************************************************
         276         700  0.4000000      0.1650000      0.4350000    
 ************************************************************************
         277         804  0.4000000      0.5700000      2.9999999E-02
 ************************************************************************
         278         907  0.3750000      0.6000000      2.5000000E-02
 ************************************************************************
         279         908  0.4000000      0.3800000      0.2200000    
 ************************************************************************
         280        1011  0.1850000      0.6000000      0.2150000    
 ************************************************************************
         281        1012  0.4000000      0.1900000      0.4100000    
 ************************************************************************
         282        1116  0.4000000      0.5950000      4.9999999E-03
 ************************************************************************
         283         293  0.5250000      0.4000000      7.5000003E-02
 ************************************************************************
         284         294  0.6000000      0.3300000      7.0000000E-02
 ************************************************************************
         285         397  0.3350000      0.4000000      0.2650000    
 ************************************************************************
         286         398  0.6000000      0.1400000      0.2600000    
 ************************************************************************
         287         501  0.1450000      0.4000000      0.4550000    
 ************************************************************************
         288         605  0.5500000      0.4000000      5.0000001E-02
 ************************************************************************
         289         606  0.6000000      0.3550000      4.5000002E-02
 ************************************************************************
         290         709  0.3600000      0.4000000      0.2400000    
 ************************************************************************
         291         710  0.6000000      0.1650000      0.2350000    
 ************************************************************************
         292         813  0.1700000      0.4000000      0.4300000    
 ************************************************************************
         293         917  0.5750000      0.4000000      2.5000000E-02
 ************************************************************************
         294         918  0.6000000      0.3800000      2.0000000E-02
 ************************************************************************
         295        1021  0.3850000      0.4000000      0.2150000    
 ************************************************************************
         296        1022  0.6000000      0.1900000      0.2100000    
 ************************************************************************
         297        1125  0.1950000      0.4000000      0.4050000    
 ************************************************************************
         298         303  0.7250000      0.2000000      7.5000003E-02
 ************************************************************************
         299         303  0.1300000      0.2000000      0.6700000    
 ************************************************************************
         300         407  0.5350000      0.2000000      0.2650000    
 ************************************************************************
         301         408  0.8000000      0.1400000      5.9999999E-02
 ************************************************************************
         302         511  0.3450000      0.2000000      0.4550000    
 ************************************************************************
         303         615  0.7500000      0.2000000      5.0000001E-02
 ************************************************************************
         304         615  0.1550000      0.2000000      0.6450000    
 ************************************************************************
         305         719  0.5600000      0.2000000      0.2400000    
 ************************************************************************
         306         720  0.8000000      0.1650000      3.5000000E-02
 ************************************************************************
         307         823  0.3700000      0.2000000      0.4300000    
 ************************************************************************
         308         927  0.7750000      0.2000000      2.5000000E-02
 ************************************************************************
         309         927  0.1800000      0.2000000      0.6200000    
 ************************************************************************
         310        1031  0.5850000      0.2000000      0.2150000    
 ************************************************************************
         311        1032  0.8000000      0.1900000      9.9999998E-03
 ************************************************************************
         312        1135  0.3950000      0.2000000      0.4050000    
 ************************************************************************
         313         312  4.0000030E-09  0.9250000      7.4999996E-02
 ************************************************************************
         314         312  4.0000030E-09  0.3300000      0.6700000    
 ************************************************************************
         315         416  4.0000030E-09  0.7350000      0.2650000    
 ************************************************************************
         316         416  4.0000030E-09  0.1400000      0.8600000    
 ************************************************************************
         317         520  4.0000030E-09  0.5450000      0.4550000    
 ************************************************************************
         318         624  4.0000030E-09  0.9500000      4.9999997E-02
 ************************************************************************
         319         624  4.0000030E-09  0.3550000      0.6450000    
 ************************************************************************
         320         728  4.0000030E-09  0.7600000      0.2400000    
 ************************************************************************
         321         728  4.0000030E-09  0.1650000      0.8350000    
 ************************************************************************
         322         832  4.0000030E-09  0.5700000      0.4300000    
 ************************************************************************
         323         936  4.0000030E-09  0.9750000      2.4999997E-02
 ************************************************************************
         324         936  4.0000030E-09  0.3800000      0.6200000    
 ************************************************************************
         325        1040  4.0000030E-09  0.7850000      0.2150000    
 ************************************************************************
         326        1040  4.0000030E-09  0.1900000      0.8100000    
 ************************************************************************
         327        1144  4.0000030E-09  0.5950000      0.4050000    
 ************************************************************************
