 Nº_NÓS_FIBRA: 193
 Nº_ELEMENTOS_FIBRA: 180
 
 no coordx coordy
           1     1.500000         1.500000    
           2     4.712500         1.500000    
           3     7.925000         1.500000    
           4     11.13750         1.500000    
           5     14.35000         1.500000    
           6     17.56250         1.500000    
           7     20.77500         1.500000    
           8     23.98750         1.500000    
           9     27.20000         1.500000    
          10     30.41250         1.500000    
          11     33.62500         1.500000    
          12     36.83750         1.500000    
          13     40.05000         1.500000    
          14     43.26250         1.500000    
          15     46.47500         1.500000    
          16     49.68750         1.500000    
          17     52.90000         1.500000    
          18     56.11250         1.500000    
          19     59.32500         1.500000    
          20     62.53750         1.500000    
          21     65.75000         1.500000    
          22     68.96250         1.500000    
          23     72.17500         1.500000    
          24     75.38750         1.500000    
          25     78.60001         1.500000    
          26     81.81250         1.500000    
          27     85.02500         1.500000    
          28     88.23750         1.500000    
          29     91.45000         1.500000    
          30     94.66251         1.500000    
          31     97.87500         1.500000    
          32     101.0875         1.500000    
          33     104.3000         1.500000    
          34     107.5125         1.500000    
          35     110.7250         1.500000    
          36     113.9375         1.500000    
          37     117.1500         1.500000    
          38     120.3625         1.500000    
          39     123.5750         1.500000    
          40     126.7875         1.500000    
          41     130.0000         1.500000    
          42     1.500000         28.50000    
          43     4.712500         28.50000    
          44     7.925000         28.50000    
          45     11.13750         28.50000    
          46     14.35000         28.50000    
          47     17.56250         28.50000    
          48     20.77500         28.50000    
          49     23.98750         28.50000    
          50     27.20000         28.50000    
          51     30.41250         28.50000    
          52     33.62500         28.50000    
          53     36.83750         28.50000    
          54     40.05000         28.50000    
          55     43.26250         28.50000    
          56     46.47500         28.50000    
          57     49.68750         28.50000    
          58     52.90000         28.50000    
          59     56.11250         28.50000    
          60     59.32500         28.50000    
          61     62.53750         28.50000    
          62     65.75000         28.50000    
          63     68.96250         28.50000    
          64     72.17500         28.50000    
          65     75.38750         28.50000    
          66     78.60001         28.50000    
          67     81.81250         28.50000    
          68     85.02500         28.50000    
          69     88.23750         28.50000    
          70     91.45000         28.50000    
          71     94.66251         28.50000    
          72     97.87500         28.50000    
          73     101.0875         28.50000    
          74     104.3000         28.50000    
          75     107.5125         28.50000    
          76     110.7250         28.50000    
          77     113.9375         28.50000    
          78     117.1500         28.50000    
          79     120.3625         28.50000    
          80     123.5750         28.50000    
          81     126.7875         28.50000    
          82     129.9999         28.50000    
          83     1.500000         4.500000    
          84     4.712500         4.500000    
          85     7.925000         4.500000    
          86     11.13750         4.500000    
          87     14.35000         4.500000    
          88     17.56250         4.500000    
          89     20.77500         4.500000    
          90     23.98750         4.500000    
          91     27.20000         4.500000    
          92     30.41250         4.500000    
          93     33.62500         4.500000    
          94     36.83750         4.500000    
          95     40.05000         4.500000    
          96     43.26250         4.500000    
          97     46.47500         4.500000    
          98     49.68750         4.500000    
          99     52.90000         4.500000    
         100     56.11250         4.500000    
         101     59.32500         4.500000    
         102     62.53750         4.500000    
         103     65.75000         4.500000    
         104     68.96250         4.500000    
         105     72.17500         4.500000    
         106     75.38750         4.500000    
         107     78.60001         4.500000    
         108     81.81250         4.500000    
         109     85.02500         4.500000    
         110     88.23750         4.500000    
         111     91.45000         4.500000    
         112     94.66251         4.500000    
         113     97.87500         4.500000    
         114     101.0875         4.500000    
         115     104.3000         4.500000    
         116     107.5125         4.500000    
         117     110.7250         4.500000    
         118     113.9375         4.500000    
         119     117.1500         4.500000    
         120     120.3625         4.500000    
         121     123.5750         4.500000    
         122     126.7875         4.500000    
         123     130.0000         4.500000    
         124   10.00000         1.500000    
         125   10.00000         6.000000    
         126   10.00000         10.50000    
         127   10.00000         15.00000    
         128   10.00000         19.50000    
         129   10.00000         24.00000    
         130   10.00000         28.50000    
         131   22.00000         1.500000    
         132   22.00000         6.000000    
         133   22.00000         10.50000    
         134   22.00000         15.00000    
         135   22.00000         19.50000    
         136   22.00000         24.00000    
         137   22.00000         28.50000    
         138   34.00000         1.500000    
         139   34.00000         6.000000    
         140   34.00000         10.50000    
         141   34.00000         15.00000    
         142   34.00000         19.50000    
         143   34.00000         24.00000    
         144   34.00000         28.50000    
         145   46.00000         1.500000    
         146   46.00000         6.000000    
         147   46.00000         10.50000    
         148   46.00000         15.00000    
         149   46.00000         19.50000    
         150   46.00000         24.00000    
         151   46.00000         28.50000    
         152   58.00000         1.500000    
         153   58.00000         6.000000    
         154   58.00000         10.50000    
         155   58.00000         15.00000    
         156   58.00000         19.50000    
         157   58.00000         24.00000    
         158   58.00000         28.50000    
         159   70.00000         1.500000    
         160   70.00000         6.000000    
         161   70.00000         10.50000    
         162   70.00000         15.00000    
         163   70.00000         19.50000    
         164   70.00000         24.00000    
         165   70.00000         28.50000    
         166   82.00000         1.500000    
         167   82.00000         6.000000    
         168   82.00000         10.50000    
         169   82.00000         15.00000    
         170   82.00000         19.50000    
         171   82.00000         24.00000    
         172   82.00000         28.50000    
         173   94.00000         1.500000    
         174   94.00000         6.000000    
         175   94.00000         10.50000    
         176   94.00000         15.00000    
         177   94.00000         19.50000    
         178   94.00000         24.00000    
         179   94.00000         28.50000    
         180   106.0000         1.500000    
         181   106.0000         6.000000    
         182   106.0000         10.50000    
         183   106.0000         15.00000    
         184   106.0000         19.50000    
         185   106.0000         24.00000    
         186   106.0000         28.50000    
         187   118.0000         1.500000    
         188   118.0000         6.000000    
         189   118.0000         10.50000    
         190   118.0000         15.00000    
         191   118.0000         19.50000    
         192   118.0000         24.00000    
         193   118.0000         28.50000    
 
 elem noi nof area young
1	1	2	2.3562	19600	0	0
2	2	3	2.3562	19600	0	0
3	3	4	2.3562	19600	0	0
4	4	5	2.3562	19600	0	0
5	5	6	2.3562	19600	0	0
6	6	7	2.3562	19600	0	0
7	7	8	2.3562	19600	0	0
8	8	9	2.3562	19600	0	0
9	9	10	2.3562	19600	0	0
10	10	11	2.3562	19600	0	0
11	11	12	2.3562	19600	0	0
12	12	13	2.3562	19600	0	0
13	13	14	2.3562	19600	0	0
14	14	15	2.3562	19600	0	0
15	15	16	2.3562	19600	0	0
16	16	17	2.3562	19600	0	0
17	17	18	2.3562	19600	0	0
18	18	19	2.3562	19600	0	0
19	19	20	2.3562	19600	0	0
20	20	21	2.3562	19600	0	0
21	21	22	2.3562	19600	0	0
22	22	23	2.3562	19600	0	0
23	23	24	2.3562	19600	0	0
24	24	25	2.3562	19600	0	0
25	25	26	2.3562	19600	0	0
26	26	27	2.3562	19600	0	0
27	27	28	2.3562	19600	0	0
28	28	29	2.3562	19600	0	0
29	29	30	2.3562	19600	0	0
30	30	31	2.3562	19600	0	0
31	31	32	2.3562	19600	0	0
32	32	33	2.3562	19600	0	0
33	33	34	2.3562	19600	0	0
34	34	35	2.3562	19600	0	0
35	35	36	2.3562	19600	0	0
36	36	37	2.3562	19600	0	0
37	37	38	2.3562	19600	0	0
38	38	39	2.3562	19600	0	0
39	39	40	2.3562	19600	0	0
40	40	41	2.3562	19600	0	0
41	42	43	0.3927	19600	0	0
42	43	44	0.3927	19600	0	0
43	44	45	0.3927	19600	0	0
44	45	46	0.3927	19600	0	0
45	46	47	0.3927	19600	0	0
46	47	48	0.3927	19600	0	0
47	48	49	0.3927	19600	0	0
48	49	50	0.3927	19600	0	0
49	50	51	0.3927	19600	0	0
50	51	52	0.3927	19600	0	0
51	52	53	0.3927	19600	0	0
52	53	54	0.3927	19600	0	0
53	54	55	0.3927	19600	0	0
54	55	56	0.3927	19600	0	0
55	56	57	0.3927	19600	0	0
56	57	58	0.3927	19600	0	0
57	58	59	0.3927	19600	0	0
58	59	60	0.3927	19600	0	0
59	60	61	0.3927	19600	0	0
60	61	62	0.3927	19600	0	0
61	62	63	0.3927	19600	0	0
62	63	64	0.3927	19600	0	0
63	64	65	0.3927	19600	0	0
64	65	66	0.3927	19600	0	0
65	66	67	0.3927	19600	0	0
66	67	68	0.3927	19600	0	0
67	68	69	0.3927	19600	0	0
68	69	70	0.3927	19600	0	0
69	70	71	0.3927	19600	0	0
70	71	72	0.3927	19600	0	0
71	72	73	0.3927	19600	0	0
72	73	74	0.3927	19600	0	0
73	74	75	0.3927	19600	0	0
74	75	76	0.3927	19600	0	0
75	76	77	0.3927	19600	0	0
76	77	78	0.3927	19600	0	0
77	78	79	0.3927	19600	0	0
78	79	80	0.3927	19600	0	0
79	80	81	0.3927	19600	0	0
80	81	82	0.3927	19600	0	0
81	83	84	1.570796	19600	0	0
82	84	85	1.570796	19600	0	0
83	85	86	1.570796	19600	0	0
84	86	87	1.570796	19600	0	0
85	87	88	1.570796	19600	0	0
86	88	89	1.570796	19600	0	0
87	89	90	1.570796	19600	0	0
88	90	91	1.570796	19600	0	0
89	91	92	1.570796	19600	0	0
90	92	93	1.570796	19600	0	0
91	93	94	1.570796	19600	0	0
92	94	95	1.570796	19600	0	0
93	95	96	1.570796	19600	0	0
94	96	97	1.570796	19600	0	0
95	97	98	1.570796	19600	0	0
96	98	99	1.570796	19600	0	0
97	99	100	1.570796	19600	0	0
98	100	101	1.570796	19600	0	0
99	101	102	1.570796	19600	0	0
100	102	103	1.570796	19600	0	0
101	103	104	1.570796	19600	0	0
102	104	105	1.570796	19600	0	0
103	105	106	1.570796	19600	0	0
104	106	107	1.570796	19600	0	0
105	107	108	1.570796	19600	0	0
106	108	109	1.570796	19600	0	0
107	109	110	1.570796	19600	0	0
108	110	111	1.570796	19600	0	0
109	111	112	1.570796	19600	0	0
110	112	113	1.570796	19600	0	0
111	113	114	1.570796	19600	0	0
112	114	115	1.570796	19600	0	0
113	115	116	1.570796	19600	0	0
114	116	117	1.570796	19600	0	0
115	117	118	1.570796	19600	0	0
116	118	119	1.570796	19600	0	0
117	119	120	1.570796	19600	0	0
118	120	121	1.570796	19600	0	0
119	121	122	1.570796	19600	0	0
120	122	123	1.570796	19600	0	0
121	124	125	0.3927	19600	0	0
122	125	126	0.3927	19600	0	0
123	126	127	0.3927	19600	0	0
124	127	128	0.3927	19600	0	0
125	128	129	0.3927	19600	0	0
126	129	130	0.3927	19600	0	0
127	131	132	0.3927	19600	0	0
128	132	133	0.3927	19600	0	0
129	133	134	0.3927	19600	0	0
130	134	135	0.3927	19600	0	0
131	135	136	0.3927	19600	0	0
132	136	137	0.3927	19600	0	0
133	138	139	0.3927	19600	0	0
134	139	140	0.3927	19600	0	0
135	140	141	0.3927	19600	0	0
136	141	142	0.3927	19600	0	0
137	142	143	0.3927	19600	0	0
138	143	144	0.3927	19600	0	0
139	145	146	0.3927	19600	0	0
140	146	147	0.3927	19600	0	0
141	147	148	0.3927	19600	0	0
142	148	149	0.3927	19600	0	0
143	149	150	0.3927	19600	0	0
144	150	151	0.3927	19600	0	0
145	152	153	0.3927	19600	0	0
146	153	154	0.3927	19600	0	0
147	154	155	0.3927	19600	0	0
148	155	156	0.3927	19600	0	0
149	156	157	0.3927	19600	0	0
150	157	158	0.3927	19600	0	0
151	159	160	0.3927	19600	0	0
152	160	161	0.3927	19600	0	0
153	161	162	0.3927	19600	0	0
154	162	163	0.3927	19600	0	0
155	163	164	0.3927	19600	0	0
156	164	165	0.3927	19600	0	0
157	166	167	0.3927	19600	0	0
158	167	168	0.3927	19600	0	0
159	168	169	0.3927	19600	0	0
160	169	170	0.3927	19600	0	0
161	170	171	0.3927	19600	0	0
162	171	172	0.3927	19600	0	0
163	173	174	0.3927	19600	0	0
164	174	175	0.3927	19600	0	0
165	175	176	0.3927	19600	0	0
166	176	177	0.3927	19600	0	0
167	177	178	0.3927	19600	0	0
168	178	179	0.3927	19600	0	0
169	180	181	0.3927	19600	0	0
170	181	182	0.3927	19600	0	0
171	182	183	0.3927	19600	0	0
172	183	184	0.3927	19600	0	0
173	184	185	0.3927	19600	0	0
174	185	186	0.3927	19600	0	0
175	187	188	0.3927	19600	0	0
176	188	189	0.3927	19600	0	0
177	189	190	0.3927	19600	0	0
178	190	191	0.3927	19600	0	0
179	191	192	0.3927	19600	0	0
180	192	193	0.3927	19600	0	0
